1 0.4565516412258148 0.70293790102005 0.21631385385990143 0.5941241979598999
1 0.6210301518440247 0.15242697298526764 0.0741753950715065 0.3004656434059143
2 0.1304260790348053 0.24606192111968994 0.10327740758657455 0.09974531829357147
0 0.8462452292442322 0.18991319835186005 0.09382623434066772 0.3798263967037201
1 0.7526537775993347 0.16268081963062286 0.08755195140838623 0.3253616392612457
0 0.8996437788009644 0.2059680074453354 0.12164955586194992 0.4119360148906708
0 0.6600770950317383 0.20828203856945038 0.0949949324131012 0.41656407713890076
4 0.27466240525245667 0.06575706601142883 0.032121215015649796 0.12005893141031265
0 0.03273472934961319 0.30291929841041565 0.06541457772254944 0.09170430153608322
5 0.060756973922252655 0.07627573609352112 0.016204262152314186 0.042541250586509705
0 0.6885526180267334 0.17131347954273224 0.03617789223790169 0.3358893394470215
